100, 0.00109100341796875
150, 0.00390625
200, 0.0086669921875
250, 0.015625
300, 0.02734375
350, 0.045166015625
400, 0.078125
450, 0.1007080078125
500, 0.135498046875
550, 0.199462890625
600, 0.239013671875
650, 0.3070068359375
700, 0.38525390625
750, 0.4755859375
800, 0.593505859375
850, 0.6949462890625
900, 0.831787109375
950, 0.978759765625
1000, 1.168701171875
1500, 3.9967041015625
2000, 9.80078125
2500, 19.2274169921875
3000, 33.2301025390625
3500, 52.86669921875
4000, 79.03271484375
4500, 112.181884765625
5000, 153.76123046875
