100, 0.000232696533203125
150, 0.00048828125
200, 0.00048828125
250, 0.0009765625
300, 0.001953125
350, 0.00341796875
400, 0.00390625
450, 0.005859375
500, 0.00732421875
550, 0.01171875
600, 0.0126953125
650, 0.017822265625
700, 0.021728515625
750, 0.0322265625
800, 0.030029296875
850, 0.038330078125
900, 0.046142578125
950, 0.056640625
1000, 0.0537109375
1500, 0.23095703125
2000, 0.443115234375
2500, 0.880615234375
3000, 1.70458984375
3500, 2.4755859375
4000, 3.934326171875
4500, 5.270263671875
5000, 7.77099609375
