100, 0.001323699951171875
150, 0.0057790279388427734
200, 0.014034032821655273
250, 0.026953935623168945
300, 0.03989708423614502
350, 0.06677496433258057
400, 0.0942389965057373
450, 0.14222097396850586
500, 0.21314406394958496
550, 0.26721787452697754
600, 0.2971529960632324
650, 0.43148088455200195
700, 0.43804121017456055
750, 0.5217099189758301
800, 0.6015052795410156
850, 0.720001220703125
900, 0.8668107986450195
950, 1.0099811553955078
1000, 1.1923818588256836
1500, 5.043085098266602
2000, 28.96398162841797
2500, 68.48207092285156
3000, 125.59520721435547
3500, 206.36895751953125
4000, 321.1335144042969
4500, 476.85137939453125
5000, 678.8138427734375
